2026/02/26-16:55:03.090638 7e1a97d00b40 RocksDB version: 6.11.4
2026/02/26-16:55:03.090888 7e1a97d00b40 Git sha rocksdb_build_git_sha:
2026/02/26-16:55:03.090892 7e1a97d00b40 Compile date Dec 10 2020
2026/02/26-16:55:03.090911 7e1a97d00b40 DB SUMMARY
2026/02/26-16:55:03.090969 7e1a97d00b40 CURRENT file:  CURRENT
2026/02/26-16:55:03.090972 7e1a97d00b40 IDENTITY file:  IDENTITY
2026/02/26-16:55:03.091033 7e1a97d00b40 MANIFEST file:  MANIFEST-000149 size: 1511 Bytes
2026/02/26-16:55:03.091036 7e1a97d00b40 SST files in ./data dir, Total Num: 2, files: 000163.sst 000164.sst 
2026/02/26-16:55:03.091038 7e1a97d00b40 Write Ahead Log file in ./data: 000150.log size: 0 ; 
2026/02/26-16:55:03.091040 7e1a97d00b40                         Options.error_if_exists: 0
2026/02/26-16:55:03.091041 7e1a97d00b40                       Options.create_if_missing: 1
2026/02/26-16:55:03.091042 7e1a97d00b40                         Options.paranoid_checks: 1
2026/02/26-16:55:03.091043 7e1a97d00b40                                     Options.env: 0x7e1a9882e1a0
2026/02/26-16:55:03.091044 7e1a97d00b40                                      Options.fs: Posix File System
2026/02/26-16:55:03.091045 7e1a97d00b40                                Options.info_log: 0x642d8bfde2c0
2026/02/26-16:55:03.091046 7e1a97d00b40                Options.max_file_opening_threads: 16
2026/02/26-16:55:03.091047 7e1a97d00b40                              Options.statistics: (nil)
2026/02/26-16:55:03.091048 7e1a97d00b40                               Options.use_fsync: 0
2026/02/26-16:55:03.091048 7e1a97d00b40                       Options.max_log_file_size: 0
2026/02/26-16:55:03.091049 7e1a97d00b40                  Options.max_manifest_file_size: 1073741824
2026/02/26-16:55:03.091050 7e1a97d00b40                   Options.log_file_time_to_roll: 0
2026/02/26-16:55:03.091051 7e1a97d00b40                       Options.keep_log_file_num: 1000
2026/02/26-16:55:03.091052 7e1a97d00b40                    Options.recycle_log_file_num: 0
2026/02/26-16:55:03.091053 7e1a97d00b40                         Options.allow_fallocate: 1
2026/02/26-16:55:03.091053 7e1a97d00b40                        Options.allow_mmap_reads: 0
2026/02/26-16:55:03.091054 7e1a97d00b40                       Options.allow_mmap_writes: 0
2026/02/26-16:55:03.091055 7e1a97d00b40                        Options.use_direct_reads: 0
2026/02/26-16:55:03.091056 7e1a97d00b40                        Options.use_direct_io_for_flush_and_compaction: 0
2026/02/26-16:55:03.091056 7e1a97d00b40          Options.create_missing_column_families: 0
2026/02/26-16:55:03.091057 7e1a97d00b40                              Options.db_log_dir: 
2026/02/26-16:55:03.091058 7e1a97d00b40                                 Options.wal_dir: ./data
2026/02/26-16:55:03.091059 7e1a97d00b40                Options.table_cache_numshardbits: 6
2026/02/26-16:55:03.091060 7e1a97d00b40                      Options.max_subcompactions: 1
2026/02/26-16:55:03.091060 7e1a97d00b40                         Options.WAL_ttl_seconds: 0
2026/02/26-16:55:03.091061 7e1a97d00b40                       Options.WAL_size_limit_MB: 0
2026/02/26-16:55:03.091062 7e1a97d00b40                        Options.max_write_batch_group_size_bytes: 1048576
2026/02/26-16:55:03.091063 7e1a97d00b40             Options.manifest_preallocation_size: 4194304
2026/02/26-16:55:03.091064 7e1a97d00b40                     Options.is_fd_close_on_exec: 1
2026/02/26-16:55:03.091064 7e1a97d00b40                   Options.advise_random_on_open: 1
2026/02/26-16:55:03.091065 7e1a97d00b40                    Options.db_write_buffer_size: 0
2026/02/26-16:55:03.091066 7e1a97d00b40                    Options.write_buffer_manager: 0x642d8bfdcbe0
2026/02/26-16:55:03.091067 7e1a97d00b40         Options.access_hint_on_compaction_start: 1
2026/02/26-16:55:03.091067 7e1a97d00b40  Options.new_table_reader_for_compaction_inputs: 0
2026/02/26-16:55:03.091068 7e1a97d00b40           Options.random_access_max_buffer_size: 1048576
2026/02/26-16:55:03.091069 7e1a97d00b40                      Options.use_adaptive_mutex: 0
2026/02/26-16:55:03.091070 7e1a97d00b40                            Options.rate_limiter: (nil)
2026/02/26-16:55:03.091080 7e1a97d00b40     Options.sst_file_manager.rate_bytes_per_sec: 0
2026/02/26-16:55:03.091081 7e1a97d00b40                       Options.wal_recovery_mode: 2
2026/02/26-16:55:03.091082 7e1a97d00b40                  Options.enable_thread_tracking: 0
2026/02/26-16:55:03.091083 7e1a97d00b40                  Options.enable_pipelined_write: 1
2026/02/26-16:55:03.091083 7e1a97d00b40                  Options.unordered_write: 0
2026/02/26-16:55:03.091084 7e1a97d00b40         Options.allow_concurrent_memtable_write: 1
2026/02/26-16:55:03.091085 7e1a97d00b40      Options.enable_write_thread_adaptive_yield: 1
2026/02/26-16:55:03.091086 7e1a97d00b40             Options.write_thread_max_yield_usec: 100
2026/02/26-16:55:03.091086 7e1a97d00b40            Options.write_thread_slow_yield_usec: 3
2026/02/26-16:55:03.091087 7e1a97d00b40                               Options.row_cache: None
2026/02/26-16:55:03.091088 7e1a97d00b40                              Options.wal_filter: None
2026/02/26-16:55:03.091089 7e1a97d00b40             Options.avoid_flush_during_recovery: 0
2026/02/26-16:55:03.091090 7e1a97d00b40             Options.allow_ingest_behind: 0
2026/02/26-16:55:03.091090 7e1a97d00b40             Options.preserve_deletes: 0
2026/02/26-16:55:03.091091 7e1a97d00b40             Options.two_write_queues: 0
2026/02/26-16:55:03.091092 7e1a97d00b40             Options.manual_wal_flush: 0
2026/02/26-16:55:03.091093 7e1a97d00b40             Options.atomic_flush: 0
2026/02/26-16:55:03.091093 7e1a97d00b40             Options.avoid_unnecessary_blocking_io: 0
2026/02/26-16:55:03.091094 7e1a97d00b40                 Options.persist_stats_to_disk: 0
2026/02/26-16:55:03.091095 7e1a97d00b40                 Options.write_dbid_to_manifest: 0
2026/02/26-16:55:03.091096 7e1a97d00b40                 Options.log_readahead_size: 0
2026/02/26-16:55:03.091096 7e1a97d00b40                 Options.file_checksum_gen_factory: Unknown
2026/02/26-16:55:03.091097 7e1a97d00b40                 Options.best_efforts_recovery: 0
2026/02/26-16:55:03.091098 7e1a97d00b40             Options.max_background_jobs: 16
2026/02/26-16:55:03.091099 7e1a97d00b40             Options.max_background_compactions: 4
2026/02/26-16:55:03.091100 7e1a97d00b40             Options.avoid_flush_during_shutdown: 0
2026/02/26-16:55:03.091100 7e1a97d00b40           Options.writable_file_max_buffer_size: 1048576
2026/02/26-16:55:03.091101 7e1a97d00b40             Options.delayed_write_rate : 16777216
2026/02/26-16:55:03.091102 7e1a97d00b40             Options.max_total_wal_size: 0
2026/02/26-16:55:03.091103 7e1a97d00b40             Options.delete_obsolete_files_period_micros: 21600000000
2026/02/26-16:55:03.091104 7e1a97d00b40                   Options.stats_dump_period_sec: 600
2026/02/26-16:55:03.091104 7e1a97d00b40                 Options.stats_persist_period_sec: 600
2026/02/26-16:55:03.091105 7e1a97d00b40                 Options.stats_history_buffer_size: 1048576
2026/02/26-16:55:03.091106 7e1a97d00b40                          Options.max_open_files: -1
2026/02/26-16:55:03.091107 7e1a97d00b40                          Options.bytes_per_sync: 0
2026/02/26-16:55:03.091108 7e1a97d00b40                      Options.wal_bytes_per_sync: 0
2026/02/26-16:55:03.091108 7e1a97d00b40                   Options.strict_bytes_per_sync: 0
2026/02/26-16:55:03.091109 7e1a97d00b40       Options.compaction_readahead_size: 0
2026/02/26-16:55:03.091110 7e1a97d00b40                  Options.max_background_flushes: -1
2026/02/26-16:55:03.091111 7e1a97d00b40 Compression algorithms supported:
2026/02/26-16:55:03.091112 7e1a97d00b40 	kZSTDNotFinalCompression supported: 1
2026/02/26-16:55:03.091677 7e1a97d00b40 	kZSTD supported: 1
2026/02/26-16:55:03.091687 7e1a97d00b40 	kXpressCompression supported: 0
2026/02/26-16:55:03.091689 7e1a97d00b40 	kLZ4HCCompression supported: 1
2026/02/26-16:55:03.091690 7e1a97d00b40 	kLZ4Compression supported: 1
2026/02/26-16:55:03.091692 7e1a97d00b40 	kBZip2Compression supported: 1
2026/02/26-16:55:03.091693 7e1a97d00b40 	kZlibCompression supported: 1
2026/02/26-16:55:03.091731 7e1a97d00b40 	kSnappyCompression supported: 1
2026/02/26-16:55:03.091744 7e1a97d00b40 Fast CRC32 supported: Not supported on x86
2026/02/26-16:55:03.092916 7e1a97d00b40 [/version_set.cc:4554] Recovering from manifest file: ./data/MANIFEST-000149
2026/02/26-16:55:03.093676 7e1a97d00b40 [/column_family.cc:577] --------------- Options for column family [default]:
2026/02/26-16:55:03.093692 7e1a97d00b40               Options.comparator: leveldb.BytewiseComparator
2026/02/26-16:55:03.093695 7e1a97d00b40           Options.merge_operator: None
2026/02/26-16:55:03.093696 7e1a97d00b40        Options.compaction_filter: None
2026/02/26-16:55:03.093696 7e1a97d00b40        Options.compaction_filter_factory: None
2026/02/26-16:55:03.093697 7e1a97d00b40         Options.memtable_factory: SkipListFactory
2026/02/26-16:55:03.093698 7e1a97d00b40            Options.table_factory: BlockBasedTable
2026/02/26-16:55:03.093721 7e1a97d00b40            table_factory options:   flush_block_policy_factory: FlushBlockBySizePolicyFactory (0x642d8bfd8eb0)
  cache_index_and_filter_blocks: 0
  cache_index_and_filter_blocks_with_high_priority: 1
  pin_l0_filter_and_index_blocks_in_cache: 0
  pin_top_level_index_and_filter: 1
  index_type: 0
  data_block_index_type: 0
  index_shortening: 1
  data_block_hash_table_util_ratio: 0.750000
  hash_index_allow_collision: 1
  checksum: 1
  no_block_cache: 0
  block_cache: 0x642d8bfc7be0
  block_cache_name: LRUCache
  block_cache_options:
    capacity : 8388608
    num_shard_bits : 4
    strict_capacity_limit : 0
    memory_allocator : None
    high_pri_pool_ratio: 0.000
  block_cache_compressed: (nil)
  persistent_cache: (nil)
  block_size: 4096
  block_size_deviation: 10
  block_restart_interval: 16
  index_block_restart_interval: 1
  metadata_block_size: 4096
  partition_filters: 0
  use_delta_encoding: 1
  filter_policy: nullptr
  whole_key_filtering: 1
  verify_compression: 0
  read_amp_bytes_per_bit: 0
  format_version: 4
  enable_index_compression: 1
  block_align: 0
2026/02/26-16:55:03.093723 7e1a97d00b40        Options.write_buffer_size: 536870912
2026/02/26-16:55:03.093724 7e1a97d00b40  Options.max_write_buffer_number: 8
2026/02/26-16:55:03.093725 7e1a97d00b40        Options.compression[0]: NoCompression
2026/02/26-16:55:03.093726 7e1a97d00b40        Options.compression[1]: NoCompression
2026/02/26-16:55:03.093726 7e1a97d00b40        Options.compression[2]: LZ4
2026/02/26-16:55:03.093727 7e1a97d00b40        Options.compression[3]: LZ4
2026/02/26-16:55:03.093728 7e1a97d00b40        Options.compression[4]: LZ4
2026/02/26-16:55:03.093729 7e1a97d00b40        Options.compression[5]: LZ4
2026/02/26-16:55:03.093730 7e1a97d00b40        Options.compression[6]: LZ4
2026/02/26-16:55:03.093731 7e1a97d00b40                  Options.bottommost_compression: Disabled
2026/02/26-16:55:03.093731 7e1a97d00b40       Options.prefix_extractor: nullptr
2026/02/26-16:55:03.093732 7e1a97d00b40   Options.memtable_insert_with_hint_prefix_extractor: nullptr
2026/02/26-16:55:03.093733 7e1a97d00b40             Options.num_levels: 7
2026/02/26-16:55:03.093734 7e1a97d00b40        Options.min_write_buffer_number_to_merge: 2
2026/02/26-16:55:03.093735 7e1a97d00b40     Options.max_write_buffer_number_to_maintain: 0
2026/02/26-16:55:03.093735 7e1a97d00b40     Options.max_write_buffer_size_to_maintain: 4294967296
2026/02/26-16:55:03.093736 7e1a97d00b40            Options.bottommost_compression_opts.window_bits: -14
2026/02/26-16:55:03.093737 7e1a97d00b40                  Options.bottommost_compression_opts.level: 32767
2026/02/26-16:55:03.093738 7e1a97d00b40               Options.bottommost_compression_opts.strategy: 0
2026/02/26-16:55:03.093739 7e1a97d00b40         Options.bottommost_compression_opts.max_dict_bytes: 0
2026/02/26-16:55:03.093740 7e1a97d00b40         Options.bottommost_compression_opts.zstd_max_train_bytes: 0
2026/02/26-16:55:03.093741 7e1a97d00b40         Options.bottommost_compression_opts.parallel_threads: 1
2026/02/26-16:55:03.093741 7e1a97d00b40                  Options.bottommost_compression_opts.enabled: false
2026/02/26-16:55:03.093753 7e1a97d00b40            Options.compression_opts.window_bits: -14
2026/02/26-16:55:03.093754 7e1a97d00b40                  Options.compression_opts.level: 32767
2026/02/26-16:55:03.093755 7e1a97d00b40               Options.compression_opts.strategy: 0
2026/02/26-16:55:03.093756 7e1a97d00b40         Options.compression_opts.max_dict_bytes: 0
2026/02/26-16:55:03.093756 7e1a97d00b40         Options.compression_opts.zstd_max_train_bytes: 0
2026/02/26-16:55:03.093757 7e1a97d00b40         Options.compression_opts.parallel_threads: 1
2026/02/26-16:55:03.093758 7e1a97d00b40                  Options.compression_opts.enabled: false
2026/02/26-16:55:03.093759 7e1a97d00b40      Options.level0_file_num_compaction_trigger: 2
2026/02/26-16:55:03.093759 7e1a97d00b40          Options.level0_slowdown_writes_trigger: 20
2026/02/26-16:55:03.093760 7e1a97d00b40              Options.level0_stop_writes_trigger: 36
2026/02/26-16:55:03.093761 7e1a97d00b40                   Options.target_file_size_base: 67108864
2026/02/26-16:55:03.093762 7e1a97d00b40             Options.target_file_size_multiplier: 1
2026/02/26-16:55:03.093763 7e1a97d00b40                Options.max_bytes_for_level_base: 536870912
2026/02/26-16:55:03.093763 7e1a97d00b40 Options.level_compaction_dynamic_level_bytes: 0
2026/02/26-16:55:03.093764 7e1a97d00b40          Options.max_bytes_for_level_multiplier: 10.000000
2026/02/26-16:55:03.093766 7e1a97d00b40 Options.max_bytes_for_level_multiplier_addtl[0]: 1
2026/02/26-16:55:03.093767 7e1a97d00b40 Options.max_bytes_for_level_multiplier_addtl[1]: 1
2026/02/26-16:55:03.093768 7e1a97d00b40 Options.max_bytes_for_level_multiplier_addtl[2]: 1
2026/02/26-16:55:03.093769 7e1a97d00b40 Options.max_bytes_for_level_multiplier_addtl[3]: 1
2026/02/26-16:55:03.093770 7e1a97d00b40 Options.max_bytes_for_level_multiplier_addtl[4]: 1
2026/02/26-16:55:03.093770 7e1a97d00b40 Options.max_bytes_for_level_multiplier_addtl[5]: 1
2026/02/26-16:55:03.093771 7e1a97d00b40 Options.max_bytes_for_level_multiplier_addtl[6]: 1
2026/02/26-16:55:03.093772 7e1a97d00b40       Options.max_sequential_skip_in_iterations: 8
2026/02/26-16:55:03.093773 7e1a97d00b40                    Options.max_compaction_bytes: 1677721600
2026/02/26-16:55:03.093773 7e1a97d00b40                        Options.arena_block_size: 67108864
2026/02/26-16:55:03.093774 7e1a97d00b40   Options.soft_pending_compaction_bytes_limit: 68719476736
2026/02/26-16:55:03.093775 7e1a97d00b40   Options.hard_pending_compaction_bytes_limit: 274877906944
2026/02/26-16:55:03.093776 7e1a97d00b40       Options.rate_limit_delay_max_milliseconds: 100
2026/02/26-16:55:03.093777 7e1a97d00b40                Options.disable_auto_compactions: 0
2026/02/26-16:55:03.093778 7e1a97d00b40                        Options.compaction_style: kCompactionStyleLevel
2026/02/26-16:55:03.093779 7e1a97d00b40                          Options.compaction_pri: kMinOverlappingRatio
2026/02/26-16:55:03.093780 7e1a97d00b40 Options.compaction_options_universal.size_ratio: 1
2026/02/26-16:55:03.093781 7e1a97d00b40 Options.compaction_options_universal.min_merge_width: 2
2026/02/26-16:55:03.093782 7e1a97d00b40 Options.compaction_options_universal.max_merge_width: 4294967295
2026/02/26-16:55:03.093782 7e1a97d00b40 Options.compaction_options_universal.max_size_amplification_percent: 200
2026/02/26-16:55:03.093783 7e1a97d00b40 Options.compaction_options_universal.compression_size_percent: -1
2026/02/26-16:55:03.093784 7e1a97d00b40 Options.compaction_options_universal.stop_style: kCompactionStopStyleTotalSize
2026/02/26-16:55:03.093785 7e1a97d00b40 Options.compaction_options_fifo.max_table_files_size: 1073741824
2026/02/26-16:55:03.093786 7e1a97d00b40 Options.compaction_options_fifo.allow_compaction: 0
2026/02/26-16:55:03.093789 7e1a97d00b40                   Options.table_properties_collectors: 
2026/02/26-16:55:03.093790 7e1a97d00b40                   Options.inplace_update_support: 0
2026/02/26-16:55:03.093791 7e1a97d00b40                 Options.inplace_update_num_locks: 10000
2026/02/26-16:55:03.093792 7e1a97d00b40               Options.memtable_prefix_bloom_size_ratio: 0.000000
2026/02/26-16:55:03.093796 7e1a97d00b40               Options.memtable_whole_key_filtering: 0
2026/02/26-16:55:03.093797 7e1a97d00b40   Options.memtable_huge_page_size: 0
2026/02/26-16:55:03.093798 7e1a97d00b40                           Options.bloom_locality: 0
2026/02/26-16:55:03.093798 7e1a97d00b40                    Options.max_successive_merges: 0
2026/02/26-16:55:03.093799 7e1a97d00b40                Options.optimize_filters_for_hits: 0
2026/02/26-16:55:03.093800 7e1a97d00b40                Options.paranoid_file_checks: 0
2026/02/26-16:55:03.093801 7e1a97d00b40                Options.force_consistency_checks: 0
2026/02/26-16:55:03.093801 7e1a97d00b40                Options.report_bg_io_stats: 0
2026/02/26-16:55:03.093802 7e1a97d00b40                               Options.ttl: 2592000
2026/02/26-16:55:03.093803 7e1a97d00b40          Options.periodic_compaction_seconds: 0
2026/02/26-16:55:03.097289 7e1a97d00b40 [/version_set.cc:4703] Recovered from manifest file:./data/MANIFEST-000149 succeeded,manifest_file_number is 149, next_file_number is 166, last_sequence is 269787589, log_number is 150,prev_log_number is 0,max_column_family is 0,min_log_number_to_keep is 0
2026/02/26-16:55:03.097319 7e1a97d00b40 [/version_set.cc:4719] Column family [default] (ID 0), log number is 150
2026/02/26-16:55:03.098302 7e1a97d00b40 EVENT_LOG_v1 {"time_micros": 1772105103098260, "job": 1, "event": "recovery_started", "log_files": [150]}
2026/02/26-16:55:03.098313 7e1a97d00b40 [/db_impl/db_impl_open.cc:795] Recovering log #150 mode 2
2026/02/26-16:55:03.098392 7e1a97d00b40 [/version_set.cc:3944] Creating manifest 166
2026/02/26-16:55:03.114915 7e1a97d00b40 EVENT_LOG_v1 {"time_micros": 1772105103114909, "job": 1, "event": "recovery_finished"}
2026/02/26-16:55:03.115888 7e1a97d00b40 [le/delete_scheduler.cc:69] Deleted file ./data/000150.log immediately, rate_bytes_per_sec 0, total_trash_size 0 max_trash_db_ratio 0.250000
2026/02/26-16:55:03.127597 7e1a97d00b40 [/db_impl/db_impl_open.cc:1610] SstFileManager instance 0x642d8bfe6c40
2026/02/26-16:55:03.127639 7e1a97d00b40 DB pointer 0x642d8bfdcc10
2026/02/26-16:55:03.127886 7e1a357fa640 [/db_impl/db_impl.cc:888] ------- DUMPING STATS -------
2026/02/26-16:55:03.127908 7e1a357fa640 [/db_impl/db_impl.cc:890] 
** DB Stats **
Uptime(secs): 0.0 total, 0.0 interval
Cumulative writes: 0 writes, 0 keys, 0 commit groups, 0.0 writes per commit group, ingest: 0.00 GB, 0.00 MB/s
Cumulative WAL: 0 writes, 0 syncs, 0.00 writes per sync, written: 0.00 GB, 0.00 MB/s
Cumulative stall: 00:00:0.000 H:M:S, 0.0 percent
Interval writes: 0 writes, 0 keys, 0 commit groups, 0.0 writes per commit group, ingest: 0.00 MB, 0.00 MB/s
Interval WAL: 0 writes, 0 syncs, 0.00 writes per sync, written: 0.00 MB, 0.00 MB/s
Interval stall: 00:00:0.000 H:M:S, 0.0 percent

** Compaction Stats [default] **
Level    Files   Size     Score Read(GB)  Rn(GB) Rnp1(GB) Write(GB) Wnew(GB) Moved(GB) W-Amp Rd(MB/s) Wr(MB/s) Comp(sec) CompMergeCPU(sec) Comp(cnt) Avg(sec) KeyIn KeyDrop
----------------------------------------------------------------------------------------------------------------------------------------------------------------------------
  L0      1/0   13.76 MB   0.5      0.0     0.0      0.0       0.0      0.0       0.0   0.0      0.0      0.0      0.00              0.00         0    0.000       0      0
  L1      1/0   57.72 MB   0.1      0.0     0.0      0.0       0.0      0.0       0.0   0.0      0.0      0.0      0.00              0.00         0    0.000       0      0
 Sum      2/0   71.48 MB   0.0      0.0     0.0      0.0       0.0      0.0       0.0   0.0      0.0      0.0      0.00              0.00         0    0.000       0      0
 Int      0/0    0.00 KB   0.0      0.0     0.0      0.0       0.0      0.0       0.0   0.0      0.0      0.0      0.00              0.00         0    0.000       0      0

** Compaction Stats [default] **
Priority    Files   Size     Score Read(GB)  Rn(GB) Rnp1(GB) Write(GB) Wnew(GB) Moved(GB) W-Amp Rd(MB/s) Wr(MB/s) Comp(sec) CompMergeCPU(sec) Comp(cnt) Avg(sec) KeyIn KeyDrop
-------------------------------------------------------------------------------------------------------------------------------------------------------------------------------
Uptime(secs): 0.0 total, 0.0 interval
Flush(GB): cumulative 0.000, interval 0.000
AddFile(GB): cumulative 0.000, interval 0.000
AddFile(Total Files): cumulative 0, interval 0
AddFile(L0 Files): cumulative 0, interval 0
AddFile(Keys): cumulative 0, interval 0
Cumulative compaction: 0.00 GB write, 0.00 MB/s write, 0.00 GB read, 0.00 MB/s read, 0.0 seconds
Interval compaction: 0.00 GB write, 0.00 MB/s write, 0.00 GB read, 0.00 MB/s read, 0.0 seconds
Stalls(count): 0 level0_slowdown, 0 level0_slowdown_with_compaction, 0 level0_numfiles, 0 level0_numfiles_with_compaction, 0 stop for pending_compaction_bytes, 0 slowdown for pending_compaction_bytes, 0 memtable_compaction, 0 memtable_slowdown, interval 0 total count

** File Read Latency Histogram By Level [default] **

** Compaction Stats [default] **
Level    Files   Size     Score Read(GB)  Rn(GB) Rnp1(GB) Write(GB) Wnew(GB) Moved(GB) W-Amp Rd(MB/s) Wr(MB/s) Comp(sec) CompMergeCPU(sec) Comp(cnt) Avg(sec) KeyIn KeyDrop
----------------------------------------------------------------------------------------------------------------------------------------------------------------------------
  L0      1/0   13.76 MB   0.5      0.0     0.0      0.0       0.0      0.0       0.0   0.0      0.0      0.0      0.00              0.00         0    0.000       0      0
  L1      1/0   57.72 MB   0.1      0.0     0.0      0.0       0.0      0.0       0.0   0.0      0.0      0.0      0.00              0.00         0    0.000       0      0
 Sum      2/0   71.48 MB   0.0      0.0     0.0      0.0       0.0      0.0       0.0   0.0      0.0      0.0      0.00              0.00         0    0.000       0      0
 Int      0/0    0.00 KB   0.0      0.0     0.0      0.0       0.0      0.0       0.0   0.0      0.0      0.0      0.00              0.00         0    0.000       0      0

** Compaction Stats [default] **
Priority    Files   Size     Score Read(GB)  Rn(GB) Rnp1(GB) Write(GB) Wnew(GB) Moved(GB) W-Amp Rd(MB/s) Wr(MB/s) Comp(sec) CompMergeCPU(sec) Comp(cnt) Avg(sec) KeyIn KeyDrop
-------------------------------------------------------------------------------------------------------------------------------------------------------------------------------
Uptime(secs): 0.0 total, 0.0 interval
Flush(GB): cumulative 0.000, interval 0.000
AddFile(GB): cumulative 0.000, interval 0.000
AddFile(Total Files): cumulative 0, interval 0
AddFile(L0 Files): cumulative 0, interval 0
AddFile(Keys): cumulative 0, interval 0
Cumulative compaction: 0.00 GB write, 0.00 MB/s write, 0.00 GB read, 0.00 MB/s read, 0.0 seconds
Interval compaction: 0.00 GB write, 0.00 MB/s write, 0.00 GB read, 0.00 MB/s read, 0.0 seconds
Stalls(count): 0 level0_slowdown, 0 level0_slowdown_with_compaction, 0 level0_numfiles, 0 level0_numfiles_with_compaction, 0 stop for pending_compaction_bytes, 0 slowdown for pending_compaction_bytes, 0 memtable_compaction, 0 memtable_slowdown, interval 0 total count

** File Read Latency Histogram By Level [default] **
2026/02/26-16:59:24.188040 7e1a05ffb640 [/db_impl/db_impl_write.cc:1693] [default] New memtable created with log file: #167. Immutable memtables: 0.
2026/02/26-17:04:21.960901 7e1a34ff9640 [/db_impl/db_impl_write.cc:1693] [default] New memtable created with log file: #167. Immutable memtables: 1.
2026/02/26-17:04:21.961279 7e1a61ffb640 (Original Log Time 2026/02/26-17:04:21.961190) [/db_impl/db_impl_compaction_flush.cc:2265] Calling FlushMemTableToOutputFile with column family [default], flush slots available 1, compaction slots available 1, flush slots scheduled 1, compaction slots scheduled 0
2026/02/26-17:04:21.961283 7e1a61ffb640 [/flush_job.cc:322] [default] [JOB 4] Flushing memtable with next log file: 167
2026/02/26-17:04:21.961299 7e1a61ffb640 [/flush_job.cc:322] [default] [JOB 4] Flushing memtable with next log file: 167
2026/02/26-17:04:21.961335 7e1a61ffb640 EVENT_LOG_v1 {"time_micros": 1772105661961329, "job": 4, "event": "flush_started", "num_memtables": 2, "num_entries": 28376872, "num_deletes": 0, "total_data_size": 660220459, "memory_usage": 1040257712, "flush_reason": "Write Buffer Full"}
2026/02/26-17:04:21.961339 7e1a61ffb640 [/flush_job.cc:351] [default] [JOB 4] Level-0 flush table #170: started
2026/02/26-17:04:37.231618 7e1a61ffb640 EVENT_LOG_v1 {"time_micros": 1772105677231593, "cf_name": "default", "job": 4, "event": "table_file_creation", "file_number": 170, "file_size": 15973061, "table_properties": {"data_size": 15887650, "index_size": 84639, "index_partitions": 0, "top_level_index_size": 0, "index_key_is_user_key": 1, "index_value_is_delta_encoded": 1, "filter_size": 0, "raw_key_size": 17888912, "raw_average_key_size": 17, "raw_value_size": 3000003, "raw_average_value_size": 3, "num_data_blocks": 3892, "num_entries": 1000001, "num_deletions": 0, "num_merge_operands": 0, "num_range_deletions": 0, "format_version": 0, "fixed_key_len": 0, "filter_policy": "", "column_family_name": "default", "column_family_id": 0, "comparator": "leveldb.BytewiseComparator", "merge_operator": "nullptr", "prefix_extractor_name": "nullptr", "property_collectors": "[]", "compression": "NoCompression", "compression_options": "window_bits=-14; level=32767; strategy=0; max_dict_bytes=0; zstd_max_train_bytes=0; enabled=0; ", "creation_time": 1772105106, "oldest_key_time": 1772105106, "file_creation_time": 1772105661}}
2026/02/26-17:04:37.231647 7e1a61ffb640 [/flush_job.cc:402] [default] [JOB 4] Level-0 flush table #170: 15973061 bytes OK
2026/02/26-17:04:37.242917 7e1a61ffb640 (Original Log Time 2026/02/26-17:04:37.237748) [/memtable_list.cc:445] [default] Level-0 commit table #170 started
2026/02/26-17:04:37.242921 7e1a61ffb640 (Original Log Time 2026/02/26-17:04:37.242704) [/memtable_list.cc:502] [default] Level-0 commit table #170: memtable #1 done
2026/02/26-17:04:37.242922 7e1a61ffb640 (Original Log Time 2026/02/26-17:04:37.242709) [/memtable_list.cc:502] [default] Level-0 commit table #170: memtable #2 done
2026/02/26-17:04:37.242923 7e1a61ffb640 (Original Log Time 2026/02/26-17:04:37.242724) EVENT_LOG_v1 {"time_micros": 1772105677242720, "job": 4, "event": "flush_finished", "output_compression": "NoCompression", "lsm_state": [2, 1, 0, 0, 0, 0, 0], "immutable_memtables": 0}
2026/02/26-17:04:37.242925 7e1a61ffb640 (Original Log Time 2026/02/26-17:04:37.242864) [/db_impl/db_impl_compaction_flush.cc:205] [default] Level summary: files[2 1 0 0 0 0 0] max score 1.00
2026/02/26-17:04:37.243635 7e1a627fc640 [/compaction/compaction_job.cc:1696] [default] [JOB 5] Compacting 2@0 + 1@1 files to L1, score 1.00
2026/02/26-17:04:37.243695 7e1a627fc640 [/compaction/compaction_job.cc:1702] [default] Compaction start summary: Base version 3 Base level 0, inputs: [170(15MB) 164(13MB)], [163(57MB)]
2026/02/26-17:04:37.243820 7e1a627fc640 EVENT_LOG_v1 {"time_micros": 1772105677243703, "job": 5, "event": "compaction_started", "compaction_reason": "LevelL0FilesNum", "files_L0": [170, 164], "files_L1": [163], "score": 1, "input_data_size": 90922268}
2026/02/26-17:04:40.479313 7e1a627fc640 [/compaction/compaction_job.cc:1367] [default] [JOB 5] Generated table #171: 4302183 keys, 67444200 bytes
2026/02/26-17:04:40.479364 7e1a627fc640 EVENT_LOG_v1 {"time_micros": 1772105680479340, "cf_name": "default", "job": 5, "event": "table_file_creation", "file_number": 171, "file_size": 67444200, "table_properties": {"data_size": 67110365, "index_size": 333065, "index_partitions": 0, "top_level_index_size": 0, "index_key_is_user_key": 1, "index_value_is_delta_encoded": 1, "filter_size": 0, "raw_key_size": 76152684, "raw_average_key_size": 17, "raw_value_size": 6173165, "raw_average_value_size": 1, "num_data_blocks": 16432, "num_entries": 4302183, "num_deletions": 0, "num_merge_operands": 0, "num_range_deletions": 0, "format_version": 0, "fixed_key_len": 0, "filter_policy": "", "column_family_name": "default", "column_family_id": 0, "comparator": "leveldb.BytewiseComparator", "merge_operator": "nullptr", "prefix_extractor_name": "nullptr", "property_collectors": "[]", "compression": "NoCompression", "compression_options": "window_bits=-14; level=32767; strategy=0; max_dict_bytes=0; zstd_max_train_bytes=0; enabled=0; ", "creation_time": 1771924546, "oldest_key_time": 0, "file_creation_time": 1772105677}}
2026/02/26-17:04:40.552901 7e1a627fc640 [/compaction/compaction_job.cc:1367] [default] [JOB 5] Generated table #172: 64513 keys, 1031025 bytes
2026/02/26-17:04:40.552960 7e1a627fc640 EVENT_LOG_v1 {"time_micros": 1772105680552936, "cf_name": "default", "job": 5, "event": "table_file_creation", "file_number": 172, "file_size": 1031025, "table_properties": {"data_size": 1024993, "index_size": 5269, "index_partitions": 0, "top_level_index_size": 0, "index_key_is_user_key": 1, "index_value_is_delta_encoded": 1, "filter_size": 0, "raw_key_size": 1154082, "raw_average_key_size": 17, "raw_value_size": 193542, "raw_average_value_size": 3, "num_data_blocks": 252, "num_entries": 64513, "num_deletions": 0, "num_merge_operands": 0, "num_range_deletions": 0, "format_version": 0, "fixed_key_len": 0, "filter_policy": "", "column_family_name": "default", "column_family_id": 0, "comparator": "leveldb.BytewiseComparator", "merge_operator": "nullptr", "prefix_extractor_name": "nullptr", "property_collectors": "[]", "compression": "NoCompression", "compression_options": "window_bits=-14; level=32767; strategy=0; max_dict_bytes=0; zstd_max_train_bytes=0; enabled=0; ", "creation_time": 1771924546, "oldest_key_time": 0, "file_creation_time": 1772105680}}
2026/02/26-17:04:40.559650 7e1a627fc640 [/compaction/compaction_job.cc:1435] [default] [JOB 5] Compacted 2@0 + 1@1 files to L1 => 68475225 bytes
2026/02/26-17:04:40.564367 7e1a627fc640 (Original Log Time 2026/02/26-17:04:40.564213) [/compaction/compaction_job.cc:754] [default] compacted to: files[0 2 0 0 0 0 0] max score 0.13, MB/sec: 27.5 rd, 20.7 wr, level 1, files in(2, 1) out(2) MB in(29.0, 57.7) out(65.3), read-write-amplify(5.2) write-amplify(2.3) OK, records in: 5867389, records dropped: 1500693 output_compression: NoCompression
2026/02/26-17:04:40.564376 7e1a627fc640 (Original Log Time 2026/02/26-17:04:40.564244) EVENT_LOG_v1 {"time_micros": 1772105680564233, "job": 5, "event": "compaction_finished", "compaction_time_micros": 3309172, "compaction_time_cpu_micros": 3440399, "output_level": 1, "num_output_files": 2, "total_output_size": 68475225, "num_input_records": 5867389, "num_output_records": 4366696, "num_subcompactions": 1, "output_compression": "NoCompression", "num_single_delete_mismatches": 0, "num_single_delete_fallthrough": 0, "lsm_state": [0, 2, 0, 0, 0, 0, 0]}
2026/02/26-17:04:40.567165 7e1a627fc640 [le/delete_scheduler.cc:69] Deleted file ./data/000170.sst immediately, rate_bytes_per_sec 0, total_trash_size 0 max_trash_db_ratio 0.250000
2026/02/26-17:04:40.567212 7e1a627fc640 EVENT_LOG_v1 {"time_micros": 1772105680567206, "job": 5, "event": "table_file_deletion", "file_number": 170}
2026/02/26-17:04:40.586357 7e1a627fc640 [le/delete_scheduler.cc:69] Deleted file ./data/000164.sst immediately, rate_bytes_per_sec 0, total_trash_size 0 max_trash_db_ratio 0.250000
2026/02/26-17:04:40.586399 7e1a627fc640 EVENT_LOG_v1 {"time_micros": 1772105680586395, "job": 5, "event": "table_file_deletion", "file_number": 164}
2026/02/26-17:04:40.612977 7e1a627fc640 [le/delete_scheduler.cc:69] Deleted file ./data/000163.sst immediately, rate_bytes_per_sec 0, total_trash_size 0 max_trash_db_ratio 0.250000
2026/02/26-17:04:40.613011 7e1a627fc640 EVENT_LOG_v1 {"time_micros": 1772105680613006, "job": 5, "event": "table_file_deletion", "file_number": 163}
2026/02/26-17:05:03.128697 7e1a357fa640 [/db_impl/db_impl.cc:888] ------- DUMPING STATS -------
2026/02/26-17:05:03.129479 7e1a357fa640 [/db_impl/db_impl.cc:890] 
** DB Stats **
Uptime(secs): 600.0 total, 600.0 interval
Cumulative writes: 0 writes, 30M keys, 0 commit groups, 0.0 writes per commit group, ingest: 0.47 GB, 0.81 MB/s
Cumulative WAL: 0 writes, 0 syncs, 0.00 writes per sync, written: 0.00 GB, 0.00 MB/s
Cumulative stall: 00:00:0.000 H:M:S, 0.0 percent
Interval writes: 0 writes, 30M keys, 0 commit groups, 0.0 writes per commit group, ingest: 485.62 MB, 0.81 MB/s
Interval WAL: 0 writes, 0 syncs, 0.00 writes per sync, written: 0.00 MB, 0.00 MB/s
Interval stall: 00:00:0.000 H:M:S, 0.0 percent

** Compaction Stats [default] **
Level    Files   Size     Score Read(GB)  Rn(GB) Rnp1(GB) Write(GB) Wnew(GB) Moved(GB) W-Amp Rd(MB/s) Wr(MB/s) Comp(sec) CompMergeCPU(sec) Comp(cnt) Avg(sec) KeyIn KeyDrop
----------------------------------------------------------------------------------------------------------------------------------------------------------------------------
  L0      0/0    0.00 KB   0.0      0.0     0.0      0.0       0.0      0.0       0.0   1.0      0.0      1.0     15.28             16.39         1   15.276       0      0
  L1      2/0   65.30 MB   0.1      0.1     0.0      0.1       0.1      0.0       0.0   2.3     26.2     19.7      3.31              3.44         1    3.309   5867K  1500K
 Sum      2/0   65.30 MB   0.0      0.1     0.0      0.1       0.1      0.0       0.0   5.3      4.7      4.3     18.59             19.83         2    9.293   5867K  1500K
 Int      0/0    0.00 KB   0.0      0.1     0.0      0.1       0.1      0.0       0.0   5.3      4.7      4.3     18.59             19.83         2    9.293   5867K  1500K

** Compaction Stats [default] **
Priority    Files   Size     Score Read(GB)  Rn(GB) Rnp1(GB) Write(GB) Wnew(GB) Moved(GB) W-Amp Rd(MB/s) Wr(MB/s) Comp(sec) CompMergeCPU(sec) Comp(cnt) Avg(sec) KeyIn KeyDrop
-------------------------------------------------------------------------------------------------------------------------------------------------------------------------------
 Low      0/0    0.00 KB   0.0      0.1     0.0      0.1       0.1      0.0       0.0   0.0     26.2     19.7      3.31              3.44         1    3.309   5867K  1500K
High      0/0    0.00 KB   0.0      0.0     0.0      0.0       0.0      0.0       0.0   0.0      0.0      1.0     15.28             16.39         1   15.276       0      0
Uptime(secs): 600.0 total, 600.0 interval
Flush(GB): cumulative 0.015, interval 0.015
AddFile(GB): cumulative 0.000, interval 0.000
AddFile(Total Files): cumulative 0, interval 0
AddFile(L0 Files): cumulative 0, interval 0
AddFile(Keys): cumulative 0, interval 0
Cumulative compaction: 0.08 GB write, 0.13 MB/s write, 0.08 GB read, 0.14 MB/s read, 18.6 seconds
Interval compaction: 0.08 GB write, 0.13 MB/s write, 0.08 GB read, 0.14 MB/s read, 18.6 seconds
Stalls(count): 0 level0_slowdown, 0 level0_slowdown_with_compaction, 0 level0_numfiles, 0 level0_numfiles_with_compaction, 0 stop for pending_compaction_bytes, 0 slowdown for pending_compaction_bytes, 0 memtable_compaction, 0 memtable_slowdown, interval 0 total count

** File Read Latency Histogram By Level [default] **

** Compaction Stats [default] **
Level    Files   Size     Score Read(GB)  Rn(GB) Rnp1(GB) Write(GB) Wnew(GB) Moved(GB) W-Amp Rd(MB/s) Wr(MB/s) Comp(sec) CompMergeCPU(sec) Comp(cnt) Avg(sec) KeyIn KeyDrop
----------------------------------------------------------------------------------------------------------------------------------------------------------------------------
  L0      0/0    0.00 KB   0.0      0.0     0.0      0.0       0.0      0.0       0.0   1.0      0.0      1.0     15.28             16.39         1   15.276       0      0
  L1      2/0   65.30 MB   0.1      0.1     0.0      0.1       0.1      0.0       0.0   2.3     26.2     19.7      3.31              3.44         1    3.309   5867K  1500K
 Sum      2/0   65.30 MB   0.0      0.1     0.0      0.1       0.1      0.0       0.0   5.3      4.7      4.3     18.59             19.83         2    9.293   5867K  1500K
 Int      0/0    0.00 KB   0.0      0.0     0.0      0.0       0.0      0.0       0.0   0.0      0.0      0.0      0.00              0.00         0    0.000       0      0

** Compaction Stats [default] **
Priority    Files   Size     Score Read(GB)  Rn(GB) Rnp1(GB) Write(GB) Wnew(GB) Moved(GB) W-Amp Rd(MB/s) Wr(MB/s) Comp(sec) CompMergeCPU(sec) Comp(cnt) Avg(sec) KeyIn KeyDrop
-------------------------------------------------------------------------------------------------------------------------------------------------------------------------------
 Low      0/0    0.00 KB   0.0      0.1     0.0      0.1       0.1      0.0       0.0   0.0     26.2     19.7      3.31              3.44         1    3.309   5867K  1500K
High      0/0    0.00 KB   0.0      0.0     0.0      0.0       0.0      0.0       0.0   0.0      0.0      1.0     15.28             16.39         1   15.276       0      0
Uptime(secs): 600.0 total, 0.0 interval
Flush(GB): cumulative 0.015, interval 0.000
AddFile(GB): cumulative 0.000, interval 0.000
AddFile(Total Files): cumulative 0, interval 0
AddFile(L0 Files): cumulative 0, interval 0
AddFile(Keys): cumulative 0, interval 0
Cumulative compaction: 0.08 GB write, 0.13 MB/s write, 0.08 GB read, 0.14 MB/s read, 18.6 seconds
Interval compaction: 0.00 GB write, 0.00 MB/s write, 0.00 GB read, 0.00 MB/s read, 0.0 seconds
Stalls(count): 0 level0_slowdown, 0 level0_slowdown_with_compaction, 0 level0_numfiles, 0 level0_numfiles_with_compaction, 0 stop for pending_compaction_bytes, 0 slowdown for pending_compaction_bytes, 0 memtable_compaction, 0 memtable_slowdown, interval 0 total count

** File Read Latency Histogram By Level [default] **
2026/02/26-17:09:30.044280 7e1a41ffb640 [/db_impl/db_impl_write.cc:1693] [default] New memtable created with log file: #167. Immutable memtables: 0.
2026/02/26-17:13:41.000656 7e1a42ffd640 [/db_impl/db_impl_write.cc:1693] [default] New memtable created with log file: #167. Immutable memtables: 1.
2026/02/26-17:13:41.001698 7e1a61ffb640 (Original Log Time 2026/02/26-17:13:41.001345) [/db_impl/db_impl_compaction_flush.cc:2265] Calling FlushMemTableToOutputFile with column family [default], flush slots available 1, compaction slots available 1, flush slots scheduled 1, compaction slots scheduled 0
2026/02/26-17:13:41.001701 7e1a61ffb640 [/flush_job.cc:322] [default] [JOB 7] Flushing memtable with next log file: 167
2026/02/26-17:13:41.001725 7e1a61ffb640 [/flush_job.cc:322] [default] [JOB 7] Flushing memtable with next log file: 167
2026/02/26-17:13:41.002011 7e1a61ffb640 EVENT_LOG_v1 {"time_micros": 1772106221001959, "job": 7, "event": "flush_started", "num_memtables": 2, "num_entries": 29258101, "num_deletes": 0, "total_data_size": 680684866, "memory_usage": 1040258880, "flush_reason": "Write Buffer Full"}
2026/02/26-17:13:41.002044 7e1a61ffb640 [/flush_job.cc:351] [default] [JOB 7] Level-0 flush table #173: started
